# DaizML grenade lineups
L|11|de_mirage|market door|smoke||-160.036|887.969|-135.328|-40.580|-152.190|64.000
F|11|-40.5801,-152.1898|0,0,A;24;0,0,J;2;0,0,a;1;0,0,j;5
L|17|de_anubis|conn|smoke|jumpthrow|80.043|-1759.969|2.031|-17.887|105.393|64.000
F|17|-17.8870,105.3932|0,0,A;34;0,0,J;4;0,0,aj;15;0,0.0253;3
L|18|de_anubis|conn|smoke|jumpthrow|23.969|-1744.965|6.031|-17.787|103.976|64.000
F|18|-17.7874,103.9761|0,0,A;15;0,0,aJ;3;0,0,j;15
L|19|de_anubis|b site left|smoke|jumpthrow|-1267.966|-314.816|5.711|-25.379|86.487|64.000
F|19|-25.3792,86.4874|0,0,A;19;0,0,J;1;0,0,a;2;0,0,j;16
L|20|de_mirage|window|smoke|d jumpthrow|1389.423|70.937|-167.969|-29.677|-163.044|64.000
F|20|-29.6774,-163.0445|0,0,A;20;0,0,JR,0,-1;-0.0253,0,,0,-1;0,0,,0,-1;0,0,,0,-1;0,0,,0,-1;0,0,,0,-1;0,0,,0,-1;0,0,,0,-1;0,-0.0506,a,0,-1;0,0,,0,-1;0,0,,0,-1;0,0,,0,-1;0,0,,0,-1;0,0,,0,-1;0,0,j,0,-1;0,0,,0,-1;0,0,,0,-1;0,0,,0,-1;0,0,,0,-1;0,0,r;8
L|22|de_mirage|jungle|smoke||814.937|-1548.721|-108.969|-29.405|-177.943|64.000
F|22|-29.4054,-177.9434|0,0,A;10;0,0,a;19
L|23|de_mirage|stairs|smoke||814.937|-1548.721|-108.969|-2.613|-179.335|64.000
F|23|-2.6127,-179.3349|0,0,A;0,0,Z;38;0,0,J;3;-0.0506,0,az;0,0,j;-0.0253,0;-0.0506,0.0253;16
L|26|de_inferno|backbox|molotov||479.042|2016.969|136.031|-37.018|123.122|64.000
F|26|-37.0180,123.1223|0,0,A;12;0,-0.0253;14;0,0,a;19
L|27|de_mirage|window|smoke||1296.000|-352.000|-167.969|-42.511|-173.692|64.000
F|27|-42.5110,-173.6921|0,0,A;51;0,0,J;0,0,F;3;0,0,a;11;0,0,j;7
L|28|de_mirage|window|smoke||1216.000|-211.000|-163.969|-46.046|-170.429|64.000
F|28|-46.0459,-170.4287|0,0,A;34;0,0,J;0,0,F;0,0,a;14;0,0,j;5
L|29|de_mirage|window|smoke||1216.000|-115.000|-163.969|-44.958|-168.927|64.000
F|29|-44.9581,-168.9266|0,0,A;0,0.0253;57;0,0,J;0,0,F;0,0,a;11;0,0,j;8
L|30|de_mirage|window|smoke||1216.000|-16.000|-163.969|-44.553|-166.194|64.000
F|30|-44.5533,-166.1940|0,0,A;4;0.0506,0;1;0.0253,0;0.0253,0;7;0.0253,0;0.0253,0;41;0,-0.0253,JF;-0.0253,-0.0253,a;10;0,0,j;6;0,-0.0253;1
L|31|de_mirage|window|smoke||1296.000|32.000|-167.969|-31.878|-165.339|64.000
F|31|-31.8780,-165.3389|0,0,A;36;0,0,J;0,0,F;0,-0.0253;-0.0253,0,a;8;0,0,j;11
L|32|de_mirage|short|smoke||1422.969|-367.969|-167.969|-33.116|176.075|64.000
F|32|-33.1155,176.0748|0,0,A;22;0,0,J;2;0,0,a;1;0,0,j;18
L|33|de_mirage|stairs|smoke||907.868|-1036.031|-251.969|-65.108|-158.638|64.000
F|33|-65.1081,-158.6381|0,0,A;34;0,0,J;3;-0.0253,0,a;1;-0.0253,0,j;17
L|34|de_mirage|a site flash|flash||855.286|-1036.028|-251.969|-37.027|-149.804|64.000
F|34|-37.0270,-149.8041|0,0,A;26;0,0,a;0,-0.0253;19
L|35|de_mirage|ramp|smoke||-879.863|-2263.973|-171.093|-12.342|31.996|64.000
F|35|-12.3425,31.9963|0,0,A;27;0,0,a;19
L|36|de_mirage|top connector|smoke||421.987|350.031|-251.969|-42.356|-129.582|64.000
F|36|-42.3557,-129.5824|0,0,A;58;0,0,J;2;0,0,a;2;0,0,j;16
L|37|de_mirage|connector|smoke||1135.969|647.976|-259.467|-34.995|-140.882|64.000
F|37|-34.9952,-140.8818|0,0,A;32;0,0,J;2;0,0,a;2;0,0,j;16
L|38|de_mirage|window|molotov||502.970|-64.031|-160.002|-17.069|-152.887|64.000
F|38|-17.0686,-152.8869|0,0,A;28;0,0,F;71;0,-0.0253,a;11;0,0,f;7
L|39|de_mirage|connector pop flash|flash||360.075|-691.969|-163.355|-12.900|-175.727|64.000
F|39|-12.9000,-175.7267|0,0,A;29;0,0,a;19
L|41|de_mirage|jungle|smoke||907.706|-1036.031|-251.969|-55.375|-161.220|64.000
F|41|-55.3752,-161.2202|0,0,A;43;0,0,J;1;0,0,a;3;0,0,j;16
L|42|de_mirage|under wood|molotov||16.063|-2359.861|-39.969|9.679|72.913|64.000
F|42|9.6793,72.9128|0,0,A;30;0,0,a;20
L|43|de_mirage|ticket|molotov||-30.469|-1418.031|-167.969|1.931|-130.904|64.000
F|43|1.9308,-130.9042|0,0,A;21;0,0,J;2;0,0,a;3;0,0,j;15
L|44|de_mirage|ticket|smoke||907.428|-1036.031|-251.969|-12.133|-142.853|64.000
F|44|-12.1334,-142.8532|0,0,A;22;0,0,J;3;0,0,a;1;0,0,j;18
L|45|de_mirage|appartments|smoke||-1710.969|-1208.051|-255.081|-48.443|73.500|64.000
F|45|-48.4426,73.5005|0,0,A;32;0,0,J;0,0,F;1;0,0,a;7;0,0,j;11
L|46|de_mirage|market window|smoke||-160.031|887.969|-135.328|-50.984|-146.897|64.000
F|46|-50.9841,-146.8968|0,0,A;16;0,0,J;2;0,0,a;2;0,0,j;17
L|47|de_mirage|short|smoke||-160.031|887.969|-135.328|-46.036|-134.467|64.000
F|47|-46.0358,-134.4669|0,0,A;13;0,0,a;19
L|48|de_mirage|shortu|smoke||496.031|679.969|-135.969|-46.092|-162.822|64.000
F|48|-46.0925,-162.8215|0,0,A;15;0,0,J;3;0,0,a;1;0,0,j;17
L|49|de_mirage|deep apps|molotov||-2094.972|401.050|-159.969|-15.768|29.794|64.000
F|49|-15.7681,29.7941|0,0,A;15;0,0,F;5;0,0,a;0,0.0253;0.0253,0;5;0,0,f;12
L|50|de_dust2|mid doors|smoke||-343.927|-660.073|89.592|-15.079|92.502|64.000
F|50|-15.0788,92.5018|0,0,A;29;0,0,J;1;0,0,a;3;0,0,j;15
L|51|de_dust2|suicide|smoke||-337.056|2423.875|-87.130|-5.684|-92.798|64.000
F|51|-5.6837,-92.7977|0,0,A;40;0,0,J;0,0,a;4;0,0,j;15
L|52|de_dust2|mid doors|smoke||-332.000|-754.000|78.877|-10.748|91.537|64.000
F|52|-10.7477,91.5370|0,0,A;25;0,0,J;1;0,0,aF;6;0,0,j;13
L|53|de_dust2|mid doors|smoke||-367.000|-808.000|83.745|-14.412|90.344|64.000
F|53|-14.4120,90.3437|0,0,A;35;0,0,J;0,0,F;1;0,0,a;8;0,0,j;10
L|54|de_dust2|mid doors|smoke||-428.000|-843.000|95.296|-12.796|89.403|64.000
F|54|-12.7963,89.4030|0,0,A;27;0,0,J;1;0,0,F;1;0,0,a;6;0,0,j;13
L|55|de_dust2|mid doors|smoke||-493.000|-808.000|108.563|-11.994|87.587|64.000
F|55|-11.9940,87.5875|0,0,A;29;0,0,J;0,0,F;2;0,-0.0253,a;0,-0.0253;6;0,0,j;12
L|57|de_dust2|shortu|molotov||-491.925|-302.409|0.586|10.438|78.789|64.000
F|57|10.4377,78.7895|0,0,A;38;0,0,F;11;0,0,J;0,0,a;6;0,0,j;12
L|58|de_dust2|short|molotov||-112.969|1581.953|2.203|-25.105|-38.664|64.000
F|58|-25.1049,-38.6640|0,0,A;14;0,0,F;57;0,-0.0253,aJ;5;0,0,j;5;0,0,f;7
L|59|de_dust2|lurk smoke|smoke||489.969|1446.031|0.553|-22.240|121.612|64.000
F|59|-22.2400,121.6122|0,0,A;9;0,0,a;19
L|60|de_dust2|jump up box|smoke||489.970|1739.156|4.819|-47.256|126.240|64.000
F|60|-47.2560,126.2405|0,0,A;9;0,0,a;20
L|61|de_dust2|bridge cross x ct spawn drop|smoke||427.063|1687.685|3.705|-28.629|139.614|64.000
F|61|-28.6293,139.6136|0,0,A;24;0,0,a;19
L|62|de_dust2|short pop|flash||698.969|2444.031|97.432|-11.664|-115.746|64.000
F|62|-11.6640,-115.7460|0,0,A;14;0,0,a;19
L|63|de_dust2|short pop flashu|flash||-556.121|1369.390|-112.098|-35.236|11.359|64.000
F|63|-35.2365,11.3588|0,0,A;31;0,0,F;2;0,0,a;3;0,0,f;15
L|64|de_dust2|elige flash for cat|flash||-1048.058|1316.354|-110.786|-37.997|12.472|64.000
F|64|-37.9973,12.4722|0,0,A;1;0,0,Z;25;0,0,a;0,0,z;20
L|65|de_dust2|tunnels|smoke||-989.421|2552.818|2.780|-27.256|-143.718|64.000
F|65|-27.2555,-143.7177|0,0,A;10;0,0,a;20
L|66|de_dust2|b lurk|smoke||-1848.355|1233.607|32.316|-12.735|119.257|64.000
F|66|-12.7352,119.2566|0,0,A;33;0,0,D;9;0,0,a;19
L|67|de_dust2|headshot|molotov||-1029.925|2553.615|16.740|-18.225|159.744|64.000
F|67|-18.2253,159.7440|0,0,A;29;0,0,a;19
L|68|de_dust2|b window|smoke||-1044.032|-1059.969|128.407|-16.244|93.922|64.000
F|68|-16.2436,93.9225|0,0,A;59;0,0,F;50;0,0,a;1;0,0,J;5;0,0,j;11
L|69|de_dust2|b window|smoke||-1730.572|1064.047|32.667|-62.548|73.677|64.000
F|69|-62.5479,73.6771|0,0,A;31;0,0,J;1;0,0,a;3;0,0,j;16
L|70|de_dust2|b doors|smoke||-1044.033|-1059.935|128.407|-28.297|93.499|64.000
F|70|-28.2967,93.4991|0,0,A;12;0,0,F;52;0,0,J;3;0,0,a;3;0,0,j;15
L|71|de_dust2|doors|smoke||-1846.630|1232.611|32.294|-65.713|59.179|64.000
F|71|-65.7130,59.1785|0,0,A;12;0,0,a;20
L|72|de_dust2|b doors|smoke||-1444.648|-413.374|130.542|-11.571|86.664|64.000
F|72|-11.5714,86.6643|0,0,A;13;0,0,F;31;0,0,J;1;0,0,a;6;0,0,j;12
L|74|de_dust2|mid to b|smoke||-275.031|1345.426|-122.274|-11.297|129.384|64.000
F|74|-11.2967,129.3836|0,0,A;17;0,0,J;3;0,0,a;1;0,0,j;18
L|75|de_dust2|mid doors|smoke||374.396|-462.485|1.084|-17.378|111.701|64.000
F|75|-17.3776,111.7010|0,0,A;14;0,0,D;36;0,0,J;4;0,0,a;3;0,0,j;16
L|76|de_dust2|a site|molotov||1768.969|672.675|56.031|3.365|110.373|64.000
F|76|3.3648,110.3732|0,0,A;12;0,0,F;21;0,0,J;0,0,a;5;0,0,j;7;0,0,f;5
L|77|de_dust2|car|molotov||847.172|790.031|47.031|5.801|54.175|64.000
F|77|5.8011,54.1746|0,0,A;3;-0.0253,0;22;0,0,J;0,0,F;3;0,0.0253,a;5;0,0,j;7;0,0.0253;5
L|78|de_dust2|long doors|smoke||732.131|2344.969|-46.966|-61.935|-93.162|64.000
F|78|-61.9347,-93.1620|0,0,A;31;0,0,J;0,0,F;1;0,0,a;6;0,0,j;12
L|79|de_dust2|long pop flash|flash||487.969|2290.200|-118.969|-26.957|-19.537|64.000
F|79|-26.9567,-19.5375|0,0,A;24;0,0,a;19
L|80|de_dust2|long doors|smoke||1004.969|2379.969|27.468|-24.445|-101.862|64.000
F|80|-24.4455,-101.8617|0,0,A;17;0,0,J;4;0,0,a;2;0,0,j;16
L|81|de_dust2|long doors|flash||1614.479|2090.989|1.031|-1.373|-120.071|64.000
F|81|-1.3730,-120.0710|0,0,A;19;0,0,J;6;0,0,a;2;0,0,j;16
L|83|de_dust2|long|flash||429.682|-363.970|8.791|-6.279|55.293|64.000
F|83|-6.2787,55.2928|0,0,A;67;0,0,J;1;0,0,F;0,0,a;7;0,0,j;12
L|84|de_dust2|long corner|smoke||4.472|-660.029|7.401|-13.832|57.104|64.000
F|84|-13.8315,57.1035|0,0,A;17;0,0,J;5;0,0,a;2;0,0,j;17
L|85|de_dust2|goose|molotov||393.143|1869.471|95.318|2.741|57.137|64.000
F|85|2.7411,57.1375|0,0,A;10;0,0,J;6;0,0,aj;19
L|86|de_dust2|mid cross|smoke||895.855|1070.937|1.036|-56.211|81.424|64.000
F|86|-56.2111,81.4243|0,0,A;14;0,0,a;20
L|88|de_cache|main|smoke||1293.547|-652.885|1609.032|-23.629|-136.943|64.000
F|88|-23.6285,-136.9425|0,0,A;14;0,0,F;30;0,0,a;20
L|89|de_cache|main|flash||962.031|-1173.969|1612.031|-13.463|140.849|64.000
F|89|-13.4634,140.8492|0,0,A;25;0,0,a;0,-0.0253;0,-0.0253;18
L|90|de_cache|b site|flash||1047.990|-1435.968|1612.031|-30.360|165.206|64.000
F|90|-30.3600,165.2059|0,0,A;18;0,0,a;19
L|91|de_cache|b site|molotov||580.038|-1449.969|1613.031|-34.881|138.605|64.000
F|91|-34.8809,138.6049|0,0,A;15;0,0,a;19
L|92|de_cache|headshot|molotov||823.969|-1449.951|1648.031|-23.670|167.279|64.000
F|92|-23.6700,167.2792|0,0,A;26;0,0,a;20
L|93|de_cache|heaven|smoke||580.031|-1449.937|1613.031|-35.013|147.649|64.000
F|93|-35.0131,147.6494|0,0,A;7;0,0,a;20
L|94|de_cache|ct|smoke||416.488|-865.869|1609.031|-23.001|135.344|64.000
F|94|-23.0013,135.3440|0,0,A;14;0,0,F;39;0,0,a;5;0,0,f;13
L|95|de_cache|heaven|smoke||1399.968|-188.031|1612.031|-53.856|-168.163|64.000
F|95|-53.8564,-168.1629|0,0,A;35;0,0,J;1;0,0,a;3;0,0,j;16
L|96|de_cache|mid wall left|smoke||1715.183|301.029|1612.031|-9.603|-174.546|64.000
F|96|-9.6031,-174.5460|0,0,A;27;0,0,a;20
L|97|de_cache|mid wall right|smoke||1713.932|196.092|1612.031|-9.306|173.805|64.000
F|97|-9.3061,173.8051|0,0,A;20;0,0,a;20
L|98|de_cache|boost|incendiary||-275.531|-93.591|1664.656|0.693|29.724|64.000
F|98|0.6928,29.7238|0,0,A;15;0,0,J;2;0,0,a;1;0,0,j;17
L|99|de_cache|sandbags|molotov||834.031|307.945|1612.031|-19.206|-147.673|64.000
F|99|-19.2062,-147.6731|0,0,A;19;0,0,a;19
L|100|de_cache|a main pop|flash||791.969|1125.193|1700.031|-31.053|118.248|64.000
F|100|-31.0529,118.2484|0,0,A;0,0,Z;28;0,0,D;18;0,0,z;0,0,a;19
L|101|de_cache|main|smoke||-916.053|1078.578|1691.349|-20.214|22.647|64.000
F|101|-20.2136,22.6470|0,0,A;14;0,0,a;19
L|102|de_cache|back a site|smoke||1704.036|524.059|1612.032|-34.320|154.541|64.000
F|102|-34.3203,154.5413|0,0,A;16;0,0,J;2;0,0,a;2;0,0,j;16
L|103|de_cache|a site|smoke||1282.151|524.031|1612.032|-56.333|131.017|64.000
F|103|-56.3333,131.0166|0,0,A;13;0,0,J;2;0,0,a;2;0,0,j;16
L|104|de_cache|catwalk|smoke||1315.958|1587.970|1704.031|-33.264|-164.920|64.000
F|104|-33.2639,-164.9204|0,0,A;0,0,Z;35;0,0,J;1;0,0,az;4;0,0,j;14
L|105|de_cache|back b site|molotov||823.957|-1449.969|1648.031|-20.190|165.292|64.000
F|105|-20.1905,165.2923|0,0,A;26;0,0,a;20
L|106|de_ancient|red room|smoke||-584.000|-2288.000|-162.422|-38.962|87.166|64.000
F|106|-38.9620,87.1662|0,0,A;3;0,0,J;2;0,0,F;1;0,0,a;6;0,0,j;10;0,0,f;1
L|107|de_ancient|red room|smoke||-520.000|-2224.000|-163.256|-27.223|86.281|64.000
F|107|-27.2228,86.2810|0,0,A;14;0,0,L,0,1;0,0,,0,1;0,0,,0,1;0,0,,0,1;0,0,,0,1;0,0,,0,1;0,0,,0,1;0,0,,0,1;0,0,,0,1;0,0,,0,1;0,0,,0,1;0,0,,0,1;0,0,,0,1;0,0,,0,1;0,0,,0,1;0,0,,0,1;0,0,,0,1;0,0,,0,1;0,0,,0,1;0,0,,0,1;0,0,l;18;0,0,J;0,0,F;6;-0.1012,-0.0759,a;2;0,0,j;16
L|108|de_ancient|red room|smoke||-456.000|-2288.000|-163.256|-26.034|87.571|64.000
F|108|-26.0337,87.5712|0,0,A;6;0,0,L,0,1;0,0,,0,1;0,0,,0,1;0,0,,0,1;0,0,,0,1;0,0,,0,1;0,0,,0,1;0,0,,0,1;0,0,,0,1;0,0,,0,1;0,0,,0,1;0,0,,0,1;0,0,,0,1;0,0,,0,1;0,0,,0,1;0,0,,0,1;0,0,,0,1;0,0,,0,1;0,0,,0,1;0,0,,0,1;0,0,,0,1;0,0,,0,1;0,0,,0,1;0,0,,0,1;0,0,,0,1;0,0,,0,1;0,0,,0,1;0,0,,0,1;0,0,,0,1;0,0,,0,1;0,0,,0,1;0,0,,0,1;0,0,,0,1;0,0,,0,1;0,0,,0,1;0,0,l;22;0,0,J;1;0,0,F;2;0,-0.0253;-0.0253,-0.0253,a;7;0,0,j;11
L|109|de_ancient|red room|smoke||-392.000|-2224.000|-163.256|-28.058|93.896|64.000
F|109|-28.0576,93.8963|0,0,A;22;-0.0253,0;8;0,0,J;1;0,0,F;3;-0.0253,0,a;-0.0253,0;5;0,0,j;3;0,0,J;3;0,0,j;5
L|111|de_ancient|red room|smoke||-328.000|-2288.000|-163.256|-26.793|95.617|64.000
F|111|-26.7927,95.6165|0,0,AS;28;0,0,F;6;0,0,J;7;-0.0253,0,a;2;0,0.0253;0,0,j;16
L|112|de_ancient|b site|smoke||-391.937|-2067.430|-154.969|-38.633|56.301|64.000
F|112|-38.6330,56.3011|0,0,A;20;0,0,J;1;0,0,F;5;0,0,a;9;0,0,j;10
L|113|de_ancient|donut|smoke||-391.937|-2060.298|-154.969|-33.118|106.268|64.000
F|113|-33.1176,106.2679|0,0,A;21;0,0,J;5;0,0,a;0,0,j;19
L|114|de_ancient|red room|smoke||-391.937|-2060.298|-154.969|-26.514|93.593|64.000
F|114|-26.5143,93.5926|0,0,A;20;0,0,J;2;0,0,a;3;0,0,j;15
L|115|de_ancient|heaven|smoke||-391.937|-2060.298|-154.969|-18.924|82.334|64.000
F|115|-18.9243,82.3342|0,0,A;16;0,0,J;3;0,0,a;2;0,0,j;2;0,0.0253;2;0.0253,0;11
L|116|de_ancient|donut|smoke||-216.063|-1977.178|-163.047|-28.589|108.469|64.000
F|116|-28.5889,108.4690|0,0,A;16;0,0,J;2;0,0,a;0,0.0253;1;-0.0253,0,j;0,0.0253;0,0.0253;0.0253,0.0253;14
L|117|de_ancient|heaven|smoke||-392.000|-2224.000|-163.256|-33.042|81.702|64.000
F|117|-33.0418,81.7016|0,0,A;23;0,0,J;0,0,a;3;0,0,j;16
L|118|de_ancient|cave entrance|smoke||-328.000|-2288.000|-163.256|-34.914|76.370|64.000
F|118|-34.9141,76.3696|0,0,A;8;0,0,J;3;0,0,a;0,0,j;19
L|119|de_ancient|b door|smoke||-192.000|1696.000|26.053|-24.516|-48.761|64.000
F|119|-24.5156,-48.7609|0,0,A;19;0,0,F;25;0,0,J;0,0,a;7;0,0,j;6;0,0,f;5
L|120|de_ancient|elbow|smoke||-192.000|1696.000|26.053|-30.461|-108.064|64.000
F|120|-30.4612,-108.0642|0,0,A;5;0,0,S;0,0,F;21;0,0,a;1;0,0,J;10;0,0,j;6
L|121|de_ancient|elbow|smoke||-256.000|1728.000|25.603|-29.500|-106.926|64.000
F|121|-29.4998,-106.9257|0,0,A;16;0,0,S;6;0,0,F;14;0,-0.0253;-0.0506,-0.0506,a;1;0,0,J;10;0,0,j;6
L|122|de_ancient|elbow|smoke||-352.000|1728.000|28.813|-29.727|-105.281|64.000
F|122|-29.7275,-105.2812|0,0,AS;1;0,0,F;20;-0.0506,-0.0253,a;-0.0253,-0.0253,J;9;0,0,j;9
L|123|de_ancient|elbow|smoke||-448.000|1728.000|30.740|-29.829|-102.650|64.000
F|123|-29.8287,-102.6500|0,0,A;4;0,0,F;0,0,S;17;-0.0253,0,aJ;4;0,0.0253;3;0,0,j;5;0,0,s;4
L|124|de_ancient|elbow|smoke||-512.000|1696.000|26.837|-26.843|-101.461|64.000
F|124|-26.8433,-101.4609|0,0,A;4;0,0,S;0,0,F;19;0,0,J;1;0,-0.0759,a;4;0,0.0253;2;0,0,j;6;0,0,s;4
L|125|de_ancient|mid flash|flash||-216.031|-1927.198|-165.140|-22.597|95.209|64.000
F|125|-22.5968,95.2092|0,0,A;8;0,0,J;5;-0.0253,0,a;0,0,j;19
L|126|de_ancient|mid flash|flash||-735.969|-1910.698|-153.605|-21.320|91.738|64.000
F|126|-21.3200,91.7383|0,0,A;15;0,0,J;4;0,0,a;1;0,0,j;18
L|127|de_ancient|cave pop|flash||1050.142|-884.296|9.031|-22.427|172.440|64.000
F|127|-22.4272,172.4402|0,0,A;20;0,0,a;19
L|128|de_ancient|ramp|molotov||587.779|782.590|115.449|7.412|-61.512|64.000
F|128|7.4123,-61.5121|0,0,A;7;0,0,J;4;0,0,a;0,0,j;19
L|129|de_ancient|default|molotov||1058.260|-937.854|3.528|-29.191|111.411|64.000
F|129|-29.1909,111.4105|0,0,A;26;0,0,a;19
L|133|de_ancient|ramp|flash||1326.149|516.063|131.115|6.303|-93.385|64.000
F|133|6.3034,-93.3851|0,0,A;4;0,0,Z;4;-0.0253,-0.0253;0,-0.0253;23;0,0,J;0,0,F;6;-0.0759,0,az;-0.0253,0;-0.0253,0.0506;4;0,0,j;4;-0.0253,-0.0253;8
L|135|de_ancient|ramp retake|smoke||1004.031|970.947|101.612|-6.757|-75.878|64.000
F|135|-6.7575,-75.8779|0,0,A;0,0,Z;41;0,0,J;4;-0.0759,0,az;-0.0253,0;-0.0253,0.1265;-0.0253,0.1012;-0.0253,0.0253;0,0,j;14
L|139|de_ancient|long|molotov||1159.969|-919.182|9.031|-0.481|86.039|64.000
F|139|-0.4813,86.0388|0,0,A;25;0,0,J;3;0,0,a;1;0,0,j;18
L|140|de_ancient|long|he||593.728|-859.925|110.670|7.271|59.969|64.000
F|140|7.2713,59.9692|0,0,AS;10;0,0,F;19;0,0,J;0,0,a;7;0,0,j;11
L|141|de_ancient|ninja|molotov||1255.915|-1481.780|27.913|0.482|113.950|64.000
F|141|0.4824,113.9495|0,0,A;21;0,0,J;2;0,0,a;2;0,0,j;16
L|142|de_ancient|short|smoke||1058.260|-937.854|3.528|-34.248|108.861|64.000
F|142|-34.2482,108.8607|0,0,A;16;0,0,a;19
L|143|de_ancient|long|smoke||1255.948|-1483.887|28.678|-3.236|93.499|64.000
F|143|-3.2360,93.4994|0,0,A;8;-0.0253,0;4;0,0,J;1;0,0,a;4;0,0,j;15
L|144|de_ancient|short|smoke||1255.953|-1483.969|28.709|-5.968|108.914|64.000
F|144|-5.9684,108.9135|0,0,A;23;0,0,J;2;0,0,a;4;0,0,j;14
L|145|de_ancient|deep ct|smoke||1058.325|-939.000|3.528|-9.467|105.045|64.000
F|145|-9.4675,105.0447|0,0,A;15;0,0,J;2;0,0,a;1;0,0,j;18
L|146|de_ancient|ct|smoke||-2143.969|-1003.969|-2.751|-27.163|60.737|64.000
F|146|-27.1632,60.7368|0,0,A;13;0,0,J;4;0,0,a;0,0,j;18
L|147|de_ancient|donut|smoke||-1936.019|-862.031|-1.265|-29.985|77.199|64.000
F|147|-29.9850,77.1992|0,0,A;35;0,0,J;2;0,0,a;2;0,0,j;17
L|148|de_ancient|ct|smoke||-1936.152|-862.031|-1.323|-34.474|67.896|64.000
F|148|-34.4739,67.8956|0,0,A;11;0,0,J;2;0,0,a;2;0,0,j;17
L|149|de_ancient|temple|smoke||-2143.943|-1003.944|-2.767|-37.628|75.296|64.000
F|149|-37.6276,75.2962|0,0,A;23;0,0,D;24;0,0,J;5;0,0,a;3;0,0,j;13;0,0,d;0,0.0253
L|150|de_ancient|mid|flash||-1623.969|-169.525|108.328|-23.087|-31.810|64.000
F|150|-23.0866,-31.8102|0,0,A;51;0,0,a;19
L|152|de_ancient|temple|smoke||-1933.977|-862.036|-0.394|-50.107|79.946|64.000
F|152|-50.1070,79.9461|0,0,A;9;0,0,J;2;0,0,a;1;0,0,j;18
L|155|de_ancient|b main deep|smoke||-448.000|1728.000|30.740|-41.264|-123.877|64.000
F|155|-41.2643,-123.8767|0,0,A;7;0,0,F;3;0,0,J;3;0,0,a;4;0.0253,-0.0253;0.0253,0;0.0253,0;0.0253,0;0.0253,0,j;2;0.0253,0;1;0.0253,0;4;0.0253,0;1
L|156|de_ancient|b main deep|smoke||-512.000|1696.000|26.837|-32.182|-126.407|64.000
F|156|-32.1816,-126.4067|0,0,A;37;0,0,J;1;0,0,F;1;0,0,a;15;0.0253,0;2;0,0,j;1
L|157|de_anubis|insta conn|smoke||-128.527|-1628.744|-3.403|-8.013|98.756|64.000
F|157|-8.0128,98.7564|0,0,A;7;0,0,J;5;0,0,j;0,0,a;19
L|158|de_anubis|insta conn|smoke||-192.000|-1608.000|-11.969|-8.000|97.051|64.000
F|158|-8.0001,97.0506|0,0,A;11;0,0,J;3;0,0,a;1;0,0,j;18
L|159|de_anubis|insta conn|smoke||-304.000|-1608.000|-11.969|-9.903|93.883|64.000
F|159|-9.9035,93.8830|0,0,A;22;0,0,J;2;0,0,a;2;0,0,j;17
L|160|de_anubis|insta conn|smoke||-384.000|-1552.000|-11.969|-54.197|91.066|64.000
F|160|-54.1973,91.0657|0,0,A;25;0,0,J;1;0,0,a;2;0,0,j;17
L|161|de_anubis|insta conn|smoke||-416.000|-1696.000|2.031|-9.887|90.738|64.000
F|161|-9.8874,90.7385|0,0,A;24;0,0,J;2;0,0,a;2;0,0,j;17
L|162|de_anubis|temple|smoke||223.031|-711.969|-0.094|-18.782|91.623|64.000
F|162|-18.7822,91.6226|0,0,A;60;0,0,J;1;0,0,F;3;0,0,a;6;0,0,j;13
L|163|de_anubis|mid|molotov||-529.969|-340.031|66.031|-16.201|63.681|64.000
F|163|-16.2007,63.6812|0,0,A;21;0,0,a;20
L|164|de_anubis|mid window|smoke||-7.969|-1744.947|6.031|-17.486|86.291|64.000
F|164|-17.4861,86.2913|0,0,A;32;0,0,J;0,0,F;2;0,0,a;4;0,0,j;15
L|165|de_anubis|mid push support flash|flash||243.249|741.027|-31.969|-39.572|-92.239|64.000
F|165|-39.5717,-92.2388|0,0,A;14;0,0,a;19
L|166|de_anubis|window|molotov||-254.031|-110.031|0.270|-18.531|41.471|64.000
F|166|-18.5307,41.4706|0,0,A;42;0,0,a;19
L|167|de_anubis|mid window|molotov||-1151.925|-1144.011|64.031|9.680|47.863|64.000
F|167|9.6800,47.8626|0,0,A;18;0,0,F;45;0,0,J;1;0,0,a;5;0,0,j;13
L|168|de_anubis|mid window|molotov||908.161|-267.213|-29.885|5.777|121.398|64.000
F|168|5.7767,121.3983|0,0,A;12;0,0,J;3;0,0,a;2;0,0,j;17
L|169|de_anubis|headshot|molotov||1217.969|489.034|-151.969|-26.088|116.848|64.000
F|169|-26.0884,116.8475|0,0,A;21;0,0,a;20
L|170|de_anubis|main|incendiary||667.962|1379.969|-87.969|6.169|-45.604|64.000
F|170|6.1692,-45.6040|0,0,A;1;0,0,Z;47;0,0,J;2;-0.1012,-0.0506,az;0,-0.0253;3;0,0,j;15
L|171|de_anubis|camera|molotov||1259.969|600.031|-115.969|-21.222|125.080|64.000
F|171|-21.2222,125.0797|0,0,A;22;0,0,a;20
L|172|de_anubis|a default|molotov||1259.969|489.086|-35.969|11.471|99.806|64.000
F|172|11.4711,99.8062|0,0,A;10;0,0,J;2;0,0,a;2;0,0,j;16
L|173|de_anubis|default|molotov||744.080|632.253|-107.969|7.311|78.978|64.000
F|173|7.3114,78.9782|0,0,A;15;0,0,J;1;0,0,a;2;0,0,j;17
L|174|de_anubis|broken wall|smoke||1217.969|489.034|-151.969|0.692|115.940|64.000
F|174|0.6918,115.9401|0,0,A;27;0,0,J;3;0,0,a;0,0,j;19
L|175|de_anubis|heaven|smoke||1149.968|610.044|-188.834|-4.278|94.547|64.000
F|175|-4.2785,94.5466|0,0,A;15;0,0,J;1;0,0,a;2;0,0,j;17
L|176|de_anubis|a site|flash||1149.969|610.031|-188.834|-33.521|89.155|64.000
F|176|-33.5210,89.1547|0,0,A;27;0,0,a;19
L|177|de_anubis|temple|smoke||-579.123|163.969|-91.987|-53.910|108.939|64.000
F|177|-53.9103,108.9387|0,0,A;14;0,0,a;19
L|178|de_anubis|conn|molotov||-564.048|578.919|38.031|-55.700|-111.238|64.000
F|178|-55.7000,-111.2376|0,0,A;29;0,0,a;19
L|179|de_anubis|insta conn|smoke||-154.000|-1503.080|-11.969|-39.008|106.000|64.000
F|179|-39.0080,105.9999|0,0,A;13;0,0,J;2;0,0,a;1;0,0,j;18
L|180|de_anubis|insat conn|smoke||-264.000|-1560.000|-11.969|-36.394|105.994|64.000
F|180|-36.3943,105.9940|0,0,A;27;0,0,D;26;0,0,J;0,0,a;6;0,0,j;13
L|181|de_anubis|insat conn|smoke||-328.000|-1528.000|-11.969|-46.360|100.857|64.000
F|181|-46.3596,100.8569|0,0,A;20;0,0,J;2;0,0,a;1;0,0,j;17
L|182|de_anubis|insta conn|smoke||-416.000|-1608.000|2.031|-40.814|98.041|64.000
F|182|-40.8142,98.0406|0,0,A;36;0,0,J;1;0,0,a;2;0,0,j;17
L|183|de_anubis|b site|smoke||-938.380|-1363.449|66.031|-11.901|99.902|64.000
F|183|-11.9006,99.9021|0,0,A;8;0,0,J;2;0,0,a;2;0,0,j;16
L|184|de_anubis|b main|flash||-843.438|944.776|35.031|-12.362|-143.832|64.000
F|184|-12.3620,-143.8320|0,0,A;26;0,0,a;19
L|186|de_anubis|temple|smoke||-1267.968|-314.816|5.711|-48.580|69.353|64.000
F|186|-48.5802,69.3533|0,0,A;13;0,0,a;20
L|187|de_anubis|long|smoke||-1267.968|-314.816|5.711|-48.985|81.750|64.000
F|187|-48.9849,81.7502|0,0,A;16;0,0,D;23;-0.0253,0,a;19
L|189|de_anubis|b site right|smoke||-1267.963|-314.816|5.711|-25.327|90.620|64.000
F|189|-25.3265,90.6205|0,0,A;11;0,0,J;2;0,0,a;1;0,-0.0253;0,0,j;17
L|190|de_inferno|bottom mid|smoke||2035.969|1914.969|140.226|-45.048|-146.206|64.000
F|190|-45.0481,-146.2057|0,0,A;14;0,0,J;1;0,0,a;1;0,0,j;17
L|191|de_inferno|mid|smoke||2493.000|2090.000|132.551|-29.323|-140.143|64.000
F|191|-29.3227,-140.1430|0,0,A;22;0,0,J;0,0,F;3;0,-0.0253,a;10;0,0,j;9
L|193|de_inferno|mid|smoke||2353.000|1977.000|135.519|-50.195|-141.364|64.000
F|193|-50.1952,-141.3637|0,0,A;12;0,-0.0253;0,-0.0253;0,-0.0253;0,-0.0253;0,-0.0506;0,-0.0506;-0.0253,-0.0759;-0.0253,-0.0253;-0.0253,-0.0253;0,-0.0253;-0.0253,0;-0.0253,-0.0253;14;0,0,J;0,0,a;4;0,0,j;15
L|194|de_inferno|mid|smoke||2472.350|2005.970|134.505|-43.693|-143.884|64.000
F|194|-43.6930,-143.8844|0,0,A;15;0,0,J;0,0,a;-0.0253,0.0253;1;0,0,j;2;0,0.0253;14
L|195|de_inferno|mid|smoke||2292.060|2027.690|135.957|-51.007|-139.770|64.000
F|195|-51.0068,-139.7697|0,0,A;14;0,0,J;2;0,0,a;2;0,0,j;16
L|196|de_inferno|mid|smoke||2397.000|2079.000|132.768|-27.172|-140.599|64.000
F|196|-27.1722,-140.5993|0,0,A;16;0,0,J;1;0,0,F;3;-0.0253,0,a;7;0,0,j;11
L|197|de_inferno|mid|smoke||2456.830|2153.160|132.077|-27.602|-137.165|64.000
F|197|-27.6023,-137.1649|0,0,A;25;0,0,J;0,0,F;4;0,0,a;-0.0253,0;0,0.0253;5;0,0,j;11
L|198|de_inferno|arch|smoke||807.031|-290.969|89.031|-55.410|56.684|64.000
F|198|-55.4100,56.6836|0,0,A;17;0,0,J;3;0,0,aj;1;0,0.0253;18
L|199|de_inferno|arch|smoke||205.953|436.821|82.031|-59.463|19.621|64.000
F|199|-59.4632,19.6205|0,0,A;22;0,0,J;3;0,0,a;0,0,j;18
L|200|de_inferno|top mid|smoke||2632.969|-169.033|100.992|-9.016|139.653|64.000
F|200|-9.0163,139.6534|0,0,A;10;0,0,J;2;0,0,a;0,0,j;18
L|201|de_inferno|pop flash|flash||2445.031|-226.031|102.031|-11.633|158.538|64.000
F|201|-11.6335,158.5385|0,0,A;26;0,0,D;16;0,0,a;19;0,0,d
L|202|de_inferno|pit flash|flash||1466.623|-377.969|256.031|-21.043|-22.453|64.000
F|202|-21.0426,-22.4530|0,0,A;31;0,0,D;19;0,0,a;10;0,0,d;8
L|203|de_inferno|hall lurk|smoke||1607.628|-274.539|256.031|-9.620|-46.569|64.000
F|203|-9.6202,-46.5686|0,0,A;30;0,0,a;20
L|204|de_inferno|a site|molotov||1946.216|1235.971|174.249|-26.623|-89.664|64.000
F|204|-26.6232,-89.6645|0,0,A;0.0253,0;19;0,0,a;19
L|205|de_inferno|long split|smoke||1512.969|909.969|147.529|-26.373|161.885|64.000
F|205|-26.3734,161.8849|0,0,A;12;0,0,J;3;0,0,a;0,0.0253;0,0,j;17
L|206|de_inferno|library|smoke||807.031|-290.969|89.031|-49.069|40.565|64.000
F|206|-49.0691,40.5650|0,0,A;29;0,0,J;3;0,0,a;1;0,0,j;18
L|207|de_inferno|long|smoke||263.031|-293.969|99.031|-23.760|40.491|64.000
F|207|-23.7600,40.4915|0,0,A;14;0,0,J;3;0,0,a;1;0,0,j;18
L|208|de_inferno|top mid pop|flash||300.972|456.087|92.031|-16.336|7.538|64.000
F|208|-16.3356,7.5382|0,0,A;18;0,0,a;20
L|209|de_inferno|library|smoke||205.972|436.809|82.031|-32.861|17.709|64.000
F|209|-32.8608,17.7089|0,0,A;8;0,0,J;3;0,0,a;0,0,j;18
L|210|de_inferno|moto|smoke||334.791|475.055|92.031|-38.359|9.227|64.000
F|210|-38.3591,9.2268|0,0,A;38;0,0,J;1;0,0,a;2;0,0,j;16
L|211|de_inferno|moto|smoke||2644.940|-260.796|96.200|-25.970|114.608|64.000
F|211|-25.9703,114.6075|0,0,A;19;0,0,a;20
L|213|de_inferno|moto|smoke||263.031|-293.968|99.031|-27.391|27.152|64.000
F|213|-27.3913,27.1520|0,0,A;22;0,0,J;0,0,F;6;0,0,a;4;0,0,j;15
L|214|de_inferno|bottom banana|smoke||2035.968|1914.969|140.227|-38.744|-159.655|64.000
F|214|-38.7440,-159.6550|0,0,A;12;0,0,J;4;0,0,a;1;0,0,j;18
L|215|de_inferno|banana molly|molotov||863.969|2291.758|140.084|-2.567|-140.346|64.000
F|215|-2.5667,-140.3462|0,0,A;18;0,0,F;23;0,0,a;19
L|216|de_inferno|car|molotov||518.039|2566.990|279.031|-13.113|-136.854|64.000
F|216|-13.1132,-136.8536|0,0,A;23;0,0,a;19
L|217|de_inferno|top banana|smoke||2035.966|1914.954|140.228|-39.635|-164.869|64.000
F|217|-39.6349,-164.8694|0,0,A;19;0,0,J;3;0,0,a;1;0,0,j;17
L|218|de_inferno|cross|molotov||19.376|1420.819|106.313|-21.599|46.926|64.000
F|218|-21.5988,46.9260|0,0,A;33;0,0,a;19
L|220|de_inferno|ct boost|smoke||369.508|1664.031|134.031|-15.225|63.080|64.000
F|220|-15.2248,63.0800|0,0,A;36;0.0253,0;6;0,-0.0253;0.0253,0;11;0,0,Z;52;0,0,J;0,0,F;6;-0.0253,0.0253,az;4;0,0.0253;-0.0253,0;0,0.0253;2;0,0.0253,j;5;-0.0253,-0.0253;2;-0.0253,0;1
L|221|de_inferno|coffins|smoke||423.742|1761.948|134.031|-16.365|87.621|64.000
F|221|-16.3652,87.6212|0,0,A;5;0,0,J;5;0,0,a;1;0,0,j;18
L|222|de_inferno|coffins|smoke||369.520|1664.032|134.031|-14.771|85.648|64.000
F|222|-14.7713,85.6477|0,0,A;23;0,0,J;1;0,0,F;2;0,0,a;15;0,0,j;4
L|223|de_inferno|banana flash|flash||1033.749|2779.969|129.511|-27.856|-136.582|64.000
F|223|-27.8558,-136.5824|0,0,A;22;0,0,a;20
L|224|de_inferno|b site flash|flash||120.613|1593.880|107.247|-1.455|63.803|64.000
F|224|-1.4549,63.8028|0,0,A;14;0,0,J;4;0,0,a;0,0,j;19
L|225|de_inferno|b site|flash||371.229|1661.556|134.031|-24.853|87.473|64.000
F|225|-24.8528,87.4728|0,0,A;20;0,0,a;20
L|226|de_inferno|banana|flash||-619.969|483.969|40.031|-7.859|46.181|64.000
F|226|-7.8587,46.1807|0,0,A;12;0,0,J;4;0,0,a;0,0,j;19
L|227|de_inferno|1st 2nd box|molotov||479.021|2016.954|136.031|-14.277|98.934|64.000
F|227|-14.2774,98.9336|0,0,A;25;0,0,Z;48;0,0,J;2;-0.0253,0;-0.0506,-0.0506,az;3;0,0,j;15
L|228|de_inferno|b site plant|molotov||818.135|3262.049|160.031|-49.103|-130.783|64.000
F|228|-49.1027,-130.7833|0,0,A;33;0,0,a;19
L|229|de_inferno|b site plant|he||818.116|3262.024|160.031|-49.240|-130.615|64.000
F|229|-49.2404,-130.6154|0,0,A;39;0,0,a;19
L|230|de_inferno|dark|molotov||405.004|1854.132|226.031|-16.787|104.587|64.000
F|230|-16.7874,104.5874|0,0,A;10;0,0,a;19
L|231|de_inferno|ct boost|smoke||120.613|1593.880|107.247|-33.123|59.095|64.000
F|231|-33.1227,59.0955|0,0,A;21;0,0,a;20
L|232|de_inferno|ct boost|molotov||540.582|1880.071|136.031|5.759|66.869|64.000
F|232|5.7594,66.8689|0,0,A;15;0,0,J;0,0,F;4;0,0,a;7;0,0,j;11
L|233|de_nuke|silo|molotov||1003.720|-1554.031|-415.969|-42.574|-179.165|64.000
F|233|-42.5744,-179.1654|0,0,A;22;0,0,a;19
L|234|de_nuke|credit|smoke||167.969|-1440.944|-91.029|-71.925|3.794|64.000
F|234|-71.9254,3.7941|0,0,A;13;0,0,a;19
L|235|de_nuke|main|smoke||-1754.637|-1246.044|-407.969|-24.890|-10.547|64.000
F|235|-24.8901,-10.5466|0,0,A;9;0,0,J;1;0,0,a;2;0,0,j;16
L|236|de_nuke|red|flash||-455.754|-1698.230|-415.969|-6.520|-23.599|64.000
F|236|-6.5204,-23.5986|0,0,A;12;0,0,F;45;0,0,a;6;0,0.0253;13
L|237|de_nuke|blue|molotov||176.969|-1940.031|-415.969|4.039|15.547|64.000
F|237|4.0392,15.5474|0,0,A;15;0,0,J;5;0,0,aj;20
L|239|de_nuke|a site|flash||3.293|-769.649|-95.969|4.094|15.791|64.000
F|239|4.0945,15.7911|0,0,A;5;0,-0.0253;14;0,0,J;2;0,0,a;1;0,0,j;17
L|240|de_nuke|hut|molotov||-18.493|-960.166|-21.969|-6.789|-31.088|64.000
F|240|-6.7887,-31.0883|0,0,A;11;0,0,F;5;0,0,a;-0.0253,0;0,0.0253;0,0,f;2;0,0.0253;0,0.0253;11;0.0253,0
L|241|de_nuke|cross 1|smoke||-1567.659|-1072.027|-415.969|-25.566|-17.624|64.000
F|241|-25.5659,-17.6241|0,0,A;16;0,0,J;2;0,0,a;2;0,0,j;17
L|242|de_nuke|cross 2|smoke||-1567.987|-1072.029|-415.969|-24.734|-19.607|64.000
F|242|-24.7338,-19.6066|0,0,A;23;0,0,J;0,0,F;2;0,0,a;4;0,0,j;14
L|243|de_nuke|garage|smoke||-160.812|-1950.811|-415.969|-19.076|1.146|64.000
F|243|-19.0757,1.1464|0,0,A;11;0,0,a;19
L|244|de_nuke|garage|smoke||-910.576|-1142.910|-415.969|-47.549|-18.451|64.000
F|244|-47.5487,-18.4510|0,0,A;5;0,0,J;3;-0.0253,0,a;1;0,0,j;17
L|245|de_nuke|ramp|flash||93.771|-292.031|-415.969|-6.769|59.993|64.000
F|245|-6.7693,59.9930|0,0,AD;13;0,0,a;20
L|246|de_nuke|radio flash|flash||583.886|604.533|-478.969|10.896|-118.750|64.000
F|246|10.8963,-118.7498|0,0,A;10;0,0,J;4;0,0,a;1;0,0,j;18
L|247|de_nuke|right ramp|smoke||1391.817|-724.289|-653.489|-9.287|157.153|64.000
F|247|-9.2872,157.1527|0,0,A;8;0,0,F;30;0,0,a;7;0,0,f;11
L|248|de_nuke|dark|molotov||749.969|121.026|-630.894|0.754|-64.244|64.000
F|248|0.7539,-64.2439|0,0,A;19;0,0,a;20
L|249|de_nuke|double door|smoke||879.969|56.639|-639.969|-0.515|-99.866|64.000
F|249|-0.5146,-99.8657|0,0,A;9;0,0,F;18;0,0,a;20
L|250|de_nuke|double|molotov||770.398|-218.054|-639.969|2.697|-42.595|64.000
F|250|2.6975,-42.5954|0,0,A;11;0,0,F;23;0,0,a;12;0,0,f;6
L|251|de_nuke|secret|molotov||176.355|-2037.746|-415.969|-15.787|-13.009|64.000
F|251|-15.7867,-13.0087|0,0,A;32;0,0,a;19
L|252|de_nuke|standard cross 1|smoke||-1268.028|-1161.969|-415.969|-44.735|-25.485|64.000
F|252|-44.7346,-25.4852|0,0,A;33;0,0,J;4;0,0,a;0,0,j;18
L|253|de_nuke|standard cross 2|smoke||-1267.818|-1160.806|-367.969|-37.219|-24.340|64.000
F|253|-37.2186,-24.3402|0,0,A;29;0,0,J;2;0,0,a;1;0,0,j;17
L|255|de_nuke|heaven insta|smoke||-1832.000|-1160.000|-415.969|-45.059|5.465|64.000
F|255|-45.0593,5.4654|0,0,A;8;0,0,F;268;0,0,J;3;0,0,a;5;0,0,j;13
L|256|de_cache|balcony|smoke||1315.724|1332.806|1704.031|-66.683|178.201|64.000
F|256|-66.6825,178.2013|0,0,A;1;0,0,J;5;0,0,a;0,0,j;18
L|257|de_cache|nbk quad|smoke||1315.724|1332.806|1704.031|-56.132|153.509|64.000
F|257|-56.1324,153.5087|0,0,A;8;0,0,a;19
L|258|de_cache|highway|smoke||747.288|771.912|1878.004|-72.528|165.621|64.000
F|258|-72.5280,165.6210|0,0,A;5;0,0,a;19
L|259|de_cache|ct|smoke||579.209|-1449.947|1613.031|-9.961|149.531|64.000
F|259|-9.9606,149.5305|0,0,A;23;0,0,Z;38;0,0,J;5;0,0,ajz;1;0,0.0253;1;-0.0253,0.0253;15
L|260|de_cache|ct|smoke||823.968|-1449.969|1648.031|-0.121|158.776|64.000
F|260|-0.1206,158.7757|0,0,A;18;0,0,Z;45;0,0,J;1;0,0,F;4;-0.0253,0;0,0.0253,az;5;0,0,j;13
L|261|de_mirage|stairs|smoke||1143.641|-1183.957|-205.573|-40.977|-165.060|64.000
F|261|-40.9772,-165.0602|0,0,A;7;0,0,a;19
L|263|de_mirage|palace lurk|smoke||183.217|-2280.058|-39.969|-4.253|-114.379|64.000
F|263|-4.2535,-114.3794|0,0,A;7;0,0,a;19
L|265|de_mirage|window|smoke||-160.049|887.937|-135.328|-56.765|-120.397|64.000
F|265|-56.7646,-120.3967|0,0,A;2;0,0,J;4;0,0,j;0,0,a;19
L|266|de_mirage|palace|smoke||-2451.719|239.967|-167.302|-29.291|-43.099|64.000
F|266|-29.2906,-43.0989|0,0,A;5;0,0,F;23;0,0,a;0,0,J;4;0,0,f;1;0,0,j;11
L|267|de_mirage|top conn|smoke||360.076|-691.969|-163.355|-41.576|-153.498|64.000
F|267|-41.5763,-153.4980|0,0,A;8;0,0,a;19
L|268|de_mirage|short|smoke||1135.969|647.966|-259.468|-33.882|-160.989|64.000
F|268|-33.8820,-160.9890|0,0,A;6;0,0,J;3;0,0,a;0,0,j;18
L|269|de_mirage|window|smoke||1135.952|647.959|-259.469|-43.623|-150.490|64.000
F|269|-43.6225,-150.4895|0,0,A;2;0,0,J;0,0,F;5;0,-0.0253,a;1;0,-0.0253,j;10;0,0,f;6
L|271|de_mirage|window|molotov||502.969|-622.478|-160.002|-15.520|179.979|64.000
F|271|-15.5204,179.9788|0,0,A;8;0,0,F;12;-0.0253,0,a;-0.0506,-0.0253;3;0,0.0253;0.0253,0;0,-360;10;0.0253,0;1
L|272|de_mirage|jungle|molotov||-1103.920|-56.063|-167.969|13.072|-96.967|64.000
F|272|13.0720,-96.9665|0,0,A;17;0,0,J;0,0,F;6;0,0,a;5;0,0,j;13
L|273|de_mirage|stairs|smoke||-91.052|-1418.230|-115.969|-12.457|-63.361|64.000
F|273|-12.4574,-63.3614|0,0,A;4;0,0,J;3;0,-0.0253,a;0,0,j;18
L|274|de_mirage|ct|smoke||-91.052|-1418.230|-115.969|-21.515|-114.847|64.000
F|274|-21.5150,-114.8468|0,0,A;9;0,0,a;19
L|275|de_mirage|jungle|smoke||-91.081|-1418.063|-115.969|-18.125|-63.513|64.000
F|275|-18.1249,-63.5126|0,0,A;20;0,0,F;12;0,0,aJ;3;0,0.0253;-0.0253,0;0,0,f;0,0,j;8;0,0,B;3
L|277|de_mirage|deep jungle|smoke||-91.087|-1418.063|-115.969|-75.155|-177.176|64.000
F|277|-75.1548,-177.1756|0,0,A;17;0,0,J;2;0,0,a;1;0,0,j;17
L|278|de_mirage|ramp support flash|flash||-726.063|-2074.856|-179.969|12.551|27.212|64.000
F|278|12.5509,27.2123|0,0,A;4;0,0,J;1;0,0,a;2;0,0,j;16
L|279|de_mirage|tetris|molotov||-1119.969|-1527.963|-159.050|-16.626|0.431|64.000
F|279|-16.6260,0.4307|0,0,A;7;0,0,a;19
L|280|de_dust2|xbox|smoke||-299.969|-1163.969|77.683|-12.372|89.830|64.000
F|280|-12.3717,89.8296|0,0,A;2;0,-0.0253;7;0,0,a;0,0,J;2;0,0,j;15
L|281|de_dust2|cross|smoke||148.031|145.453|8.814|-35.799|67.066|64.000
F|281|-35.7995,67.0660|0,0,A;7;0,0,J;2;0,0,a;0,0,j;18
